"cast_date","cast_month","cast_year","moon","currency","model","dataset","species","estimate","lower_pi","upper_pi","start_moon","end_moon","cast_id","cast_group","confidence_level"
"2021-01-14",2,2020,528,"abundance","ESSS","exclosures","BA",1.11167990995056e-17,-1.35881550382,1.35881550382,217,539,1446,58,0.95
"2021-01-14",3,2020,529,"abundance","ESSS","exclosures","BA",1.11167990995056e-17,-1.5694821550423,1.5694821550423,217,539,1446,58,0.95
"2021-01-14",4,2020,530,"abundance","ESSS","exclosures","BA",1.11167990995056e-17,-1.7550409956952,1.7550409956952,217,539,1446,58,0.95
"2021-01-14",5,2020,531,"abundance","ESSS","exclosures","BA",1.11167990995056e-17,-1.92277496294949,1.92277496294949,217,539,1446,58,0.95
"2021-01-14",6,2020,532,"abundance","ESSS","exclosures","BA",1.11167990995056e-17,-2.07700703410461,2.07700703410461,217,539,1446,58,0.95
"2021-01-14",7,2020,533,"abundance","ESSS","exclosures","BA",1.11167990995056e-17,-2.22055238201998,2.22055238201998,217,539,1446,58,0.95
"2021-01-14",8,2020,534,"abundance","ESSS","exclosures","BA",1.11167990995056e-17,-2.35536569196149,2.35536569196149,217,539,1446,58,0.95
"2021-01-14",9,2020,535,"abundance","ESSS","exclosures","BA",1.11167990995056e-17,-2.48286975180814,2.48286975180814,217,539,1446,58,0.95
"2021-01-14",10,2020,536,"abundance","ESSS","exclosures","BA",1.11167990995056e-17,-2.60413841145558,2.60413841145558,217,539,1446,58,0.95
"2021-01-14",11,2020,537,"abundance","ESSS","exclosures","BA",1.11167990995056e-17,-2.72000579550725,2.72000579550725,217,539,1446,58,0.95
"2021-01-14",12,2020,538,"abundance","ESSS","exclosures","BA",1.11167990995056e-17,-2.83113514145256,2.83113514145256,217,539,1446,58,0.95
"2021-01-14",1,2021,539,"abundance","ESSS","exclosures","BA",1.11167990995056e-17,-2.9380641331908,2.9380641331908,217,539,1446,58,0.95
"2021-01-14",2,2021,540,"abundance","ESSS","exclosures","BA",1.11167990995056e-17,-3.04123585279353,3.04123585279353,217,539,1446,58,0.95
"2021-01-14",3,2021,541,"abundance","ESSS","exclosures","BA",1.11167990995056e-17,-3.1410205624751,3.1410205624751,217,539,1446,58,0.95
"2021-01-14",4,2021,542,"abundance","ESSS","exclosures","BA",1.11167990995056e-17,-3.23773143349877,3.23773143349877,217,539,1446,58,0.95
"2021-01-14",5,2021,543,"abundance","ESSS","exclosures","BA",1.11167990995056e-17,-3.33163615916273,3.33163615916273,217,539,1446,58,0.95
"2021-01-14",6,2021,544,"abundance","ESSS","exclosures","BA",1.11167990995056e-17,-3.42296569638307,3.42296569638307,217,539,1446,58,0.95
"2021-01-14",7,2021,545,"abundance","ESSS","exclosures","BA",1.11167990995056e-17,-3.51192095870477,3.51192095870477,217,539,1446,58,0.95
"2021-01-14",8,2021,546,"abundance","ESSS","exclosures","BA",1.11167990995056e-17,-3.59867801862912,3.59867801862912,217,539,1446,58,0.95
"2021-01-14",9,2021,547,"abundance","ESSS","exclosures","BA",1.11167990995056e-17,-3.68339220601595,3.68339220601595,217,539,1446,58,0.95
"2021-01-14",10,2021,548,"abundance","ESSS","exclosures","BA",1.11167990995056e-17,-3.76620137604372,3.76620137604372,217,539,1446,58,0.95
"2021-01-14",11,2021,549,"abundance","ESSS","exclosures","BA",1.11167990995056e-17,-3.8472285435737,3.8472285435737,217,539,1446,58,0.95
"2021-01-14",12,2021,550,"abundance","ESSS","exclosures","BA",1.11167990995056e-17,-3.9265840278877,3.9265840278877,217,539,1446,58,0.95
"2021-01-14",1,2022,551,"abundance","ESSS","exclosures","BA",1.11167990995056e-17,-4.00436721463422,4.00436721463422,217,539,1446,58,0.95
"2021-01-14",2,2020,528,"abundance","ESSS","exclosures","DM",0.70802052624461,-1.08394916716148,2.4999902196507,217,539,1446,58,0.95
"2021-01-14",3,2020,529,"abundance","ESSS","exclosures","DM",0.70802052624461,-1.4876296823086,2.90367073479782,217,539,1446,58,0.95
"2021-01-14",4,2020,530,"abundance","ESSS","exclosures","DM",0.70802052624461,-1.82784309283146,3.24388414532069,217,539,1446,58,0.95
"2021-01-14",5,2020,531,"abundance","ESSS","exclosures","DM",0.70802052624461,-2.12752681964603,3.54356787213525,217,539,1446,58,0.95
"2021-01-14",6,2020,532,"abundance","ESSS","exclosures","DM",0.70802052624461,-2.39843295111849,3.81447400360771,217,539,1446,58,0.95
"2021-01-14",7,2020,533,"abundance","ESSS","exclosures","DM",0.70802052624461,-2.64753869142018,4.0635797439094,217,539,1446,58,0.95
"2021-01-14",8,2020,534,"abundance","ESSS","exclosures","DM",0.70802052624461,-2.87938830458148,4.2954293570707,217,539,1446,58,0.95
"2021-01-14",9,2020,535,"abundance","ESSS","exclosures","DM",0.70802052624461,-3.09713736479262,4.51317841728184,217,539,1446,58,0.95
"2021-01-14",10,2020,536,"abundance","ESSS","exclosures","DM",0.70802052624461,-3.30308294187445,4.71912399436367,217,539,1446,58,0.95
"2021-01-14",11,2020,537,"abundance","ESSS","exclosures","DM",0.70802052624461,-3.49895885190672,4.91499990439594,217,539,1446,58,0.95
"2021-01-14",12,2020,538,"abundance","ESSS","exclosures","DM",0.70802052624461,-3.68611191878074,5.10215297126996,217,539,1446,58,0.95
"2021-01-14",1,2021,539,"abundance","ESSS","exclosures","DM",0.70802052624461,-3.86561308398897,5.28165413647819,217,539,1446,58,0.95
"2021-01-14",2,2021,540,"abundance","ESSS","exclosures","DM",0.70802052624461,-4.03833058349139,5.45437163598061,217,539,1446,58,0.95
"2021-01-14",3,2021,541,"abundance","ESSS","exclosures","DM",0.70802052624461,-4.2049799127057,5.62102096519492,217,539,1446,58,0.95
"2021-01-14",4,2021,542,"abundance","ESSS","exclosures","DM",0.70802052624461,-4.36615899061916,5.78220004310838,217,539,1446,58,0.95
"2021-01-14",5,2021,543,"abundance","ESSS","exclosures","DM",0.70802052624461,-4.52237355313351,5.93841460562273,217,539,1446,58,0.95
"2021-01-14",6,2021,544,"abundance","ESSS","exclosures","DM",0.70802052624461,-4.67405590221937,6.09009695470859,217,539,1446,58,0.95
"2021-01-14",7,2021,545,"abundance","ESSS","exclosures","DM",0.70802052624461,-4.82157901965936,6.23762007214858,217,539,1446,58,0.95
"2021-01-14",8,2021,546,"abundance","ESSS","exclosures","DM",0.70802052624461,-4.9652673735799,6.38130842606912,217,539,1446,58,0.95
"2021-01-14",9,2021,547,"abundance","ESSS","exclosures","DM",0.70802052624461,-5.10540531834385,6.52144637083307,217,539,1446,58,0.95
"2021-01-14",10,2021,548,"abundance","ESSS","exclosures","DM",0.70802052624461,-5.24224371215379,6.65828476464301,217,539,1446,58,0.95
"2021-01-14",11,2021,549,"abundance","ESSS","exclosures","DM",0.70802052624461,-5.37600519386841,6.79204624635763,217,539,1446,58,0.95
"2021-01-14",12,2021,550,"abundance","ESSS","exclosures","DM",0.70802052624461,-5.50688843682401,6.92292948931323,217,539,1446,58,0.95
"2021-01-14",1,2022,551,"abundance","ESSS","exclosures","DM",0.70802052624461,-5.6350716120949,7.05111266458412,217,539,1446,58,0.95
"2021-01-14",2,2020,528,"abundance","ESSS","exclosures","DO",1.05710303844786e-22,-1.22903059517162,1.22903059517162,217,539,1446,58,0.95
"2021-01-14",3,2020,529,"abundance","ESSS","exclosures","DO",1.05710303844786e-22,-1.4688940488964,1.4688940488964,217,539,1446,58,0.95
"2021-01-14",4,2020,530,"abundance","ESSS","exclosures","DO",1.05710303844786e-22,-1.67474871246364,1.67474871246364,217,539,1446,58,0.95
"2021-01-14",5,2020,531,"abundance","ESSS","exclosures","DO",1.05710303844786e-22,-1.85793346837663,1.85793346837663,217,539,1446,58,0.95
"2021-01-14",6,2020,532,"abundance","ESSS","exclosures","DO",1.05710303844786e-22,-2.02461114684509,2.02461114684509,217,539,1446,58,0.95
"2021-01-14",7,2020,533,"abundance","ESSS","exclosures","DO",1.05710303844786e-22,-2.17857380387829,2.17857380387829,217,539,1446,58,0.95
"2021-01-14",8,2020,534,"abundance","ESSS","exclosures","DO",1.05710303844786e-22,-2.32235168352257,2.32235168352257,217,539,1446,58,0.95
"2021-01-14",9,2020,535,"abundance","ESSS","exclosures","DO",1.05710303844786e-22,-2.45773287095556,2.45773287095556,217,539,1446,58,0.95
"2021-01-14",10,2020,536,"abundance","ESSS","exclosures","DO",1.05710303844786e-22,-2.58603642433568,2.58603642433568,217,539,1446,58,0.95
"2021-01-14",11,2020,537,"abundance","ESSS","exclosures","DO",1.05710303844786e-22,-2.70826843407485,2.70826843407485,217,539,1446,58,0.95
"2021-01-14",12,2020,538,"abundance","ESSS","exclosures","DO",1.05710303844786e-22,-2.8252170596295,2.8252170596295,217,539,1446,58,0.95
"2021-01-14",1,2021,539,"abundance","ESSS","exclosures","DO",1.05710303844786e-22,-2.93751339691191,2.93751339691191,217,539,1446,58,0.95
"2021-01-14",2,2021,540,"abundance","ESSS","exclosures","DO",1.05710303844786e-22,-3.04567209004061,3.04567209004061,217,539,1446,58,0.95
"2021-01-14",3,2021,541,"abundance","ESSS","exclosures","DO",1.05710303844786e-22,-3.15011936330478,3.15011936330478,217,539,1446,58,0.95
"2021-01-14",4,2021,542,"abundance","ESSS","exclosures","DO",1.05710303844786e-22,-3.25121293152003,3.25121293152003,217,539,1446,58,0.95
"2021-01-14",5,2021,543,"abundance","ESSS","exclosures","DO",1.05710303844786e-22,-3.34925649198422,3.34925649198422,217,539,1446,58,0.95
"2021-01-14",6,2021,544,"abundance","ESSS","exclosures","DO",1.05710303844786e-22,-3.44451049818603,3.44451049818603,217,539,1446,58,0.95
"2021-01-14",7,2021,545,"abundance","ESSS","exclosures","DO",1.05710303844786e-22,-3.53720031877319,3.53720031877319,217,539,1446,58,0.95
"2021-01-14",8,2021,546,"abundance","ESSS","exclosures","DO",1.05710303844786e-22,-3.62752251793763,3.62752251793763,217,539,1446,58,0.95
"2021-01-14",9,2021,547,"abundance","ESSS","exclosures","DO",1.05710303844786e-22,-3.71564976029226,3.71564976029226,217,539,1446,58,0.95
"2021-01-14",10,2021,548,"abundance","ESSS","exclosures","DO",1.05710303844786e-22,-3.80173469145011,3.80173469145011,217,539,1446,58,0.95
"2021-01-14",11,2021,549,"abundance","ESSS","exclosures","DO",1.05710303844786e-22,-3.88591304421376,3.88591304421376,217,539,1446,58,0.95
"2021-01-14",12,2021,550,"abundance","ESSS","exclosures","DO",1.05710303844786e-22,-3.96830615126983,3.96830615126983,217,539,1446,58,0.95
"2021-01-14",1,2022,551,"abundance","ESSS","exclosures","DO",1.05710303844786e-22,-4.04902299736879,4.04902299736879,217,539,1446,58,0.95
"2021-01-14",2,2020,528,"abundance","ESSS","exclosures","NA",5.84597998005973e-19,-0.532195228629085,0.532195228629085,217,539,1446,58,0.95
"2021-01-14",3,2020,529,"abundance","ESSS","exclosures","NA",5.84597998005973e-19,-0.555745598196484,0.555745598196484,217,539,1446,58,0.95
"2021-01-14",4,2020,530,"abundance","ESSS","exclosures","NA",5.84597998005973e-19,-0.578337771941253,0.578337771941253,217,539,1446,58,0.95
"2021-01-14",5,2020,531,"abundance","ESSS","exclosures","NA",5.84597998005973e-19,-0.600079983829803,0.600079983829803,217,539,1446,58,0.95
"2021-01-14",6,2020,532,"abundance","ESSS","exclosures","NA",5.84597998005973e-19,-0.621061507044496,0.621061507044496,217,539,1446,58,0.95
"2021-01-14",7,2020,533,"abundance","ESSS","exclosures","NA",5.84597998005973e-19,-0.641357002044559,0.641357002044559,217,539,1446,58,0.95
"2021-01-14",8,2020,534,"abundance","ESSS","exclosures","NA",5.84597998005973e-19,-0.66102966091605,0.66102966091605,217,539,1446,58,0.95
"2021-01-14",9,2020,535,"abundance","ESSS","exclosures","NA",5.84597998005973e-19,-0.68013353185238,0.68013353185238,217,539,1446,58,0.95
"2021-01-14",10,2020,536,"abundance","ESSS","exclosures","NA",5.84597998005973e-19,-0.698715270828681,0.698715270828681,217,539,1446,58,0.95
"2021-01-14",11,2020,537,"abundance","ESSS","exclosures","NA",5.84597998005973e-19,-0.716815484088061,0.716815484088061,217,539,1446,58,0.95
"2021-01-14",12,2020,538,"abundance","ESSS","exclosures","NA",5.84597998005973e-19,-0.734469772534993,0.734469772534993,217,539,1446,58,0.95
"2021-01-14",1,2021,539,"abundance","ESSS","exclosures","NA",5.84597998005973e-19,-0.751709555151994,0.751709555151994,217,539,1446,58,0.95
"2021-01-14",2,2021,540,"abundance","ESSS","exclosures","NA",5.84597998005973e-19,-0.768562726032178,0.768562726032178,217,539,1446,58,0.95
"2021-01-14",3,2021,541,"abundance","ESSS","exclosures","NA",5.84597998005973e-19,-0.785054184362594,0.785054184362594,217,539,1446,58,0.95
"2021-01-14",4,2021,542,"abundance","ESSS","exclosures","NA",5.84597998005973e-19,-0.801206266153992,0.801206266153992,217,539,1446,58,0.95
"2021-01-14",5,2021,543,"abundance","ESSS","exclosures","NA",5.84597998005973e-19,-0.817039099103357,0.817039099103357,217,539,1446,58,0.95
"2021-01-14",6,2021,544,"abundance","ESSS","exclosures","NA",5.84597998005973e-19,-0.832570896682577,0.832570896682577,217,539,1446,58,0.95
"2021-01-14",7,2021,545,"abundance","ESSS","exclosures","NA",5.84597998005973e-19,-0.84781820370999,0.84781820370999,217,539,1446,58,0.95
"2021-01-14",8,2021,546,"abundance","ESSS","exclosures","NA",5.84597998005973e-19,-0.862796102843098,0.862796102843098,217,539,1446,58,0.95
"2021-01-14",9,2021,547,"abundance","ESSS","exclosures","NA",5.84597998005973e-19,-0.877518389334629,0.877518389334629,217,539,1446,58,0.95
"2021-01-14",10,2021,548,"abundance","ESSS","exclosures","NA",5.84597998005973e-19,-0.891997719817515,0.891997719817515,217,539,1446,58,0.95
"2021-01-14",11,2021,549,"abundance","ESSS","exclosures","NA",5.84597998005973e-19,-0.906245739685903,0.906245739685903,217,539,1446,58,0.95
"2021-01-14",12,2021,550,"abundance","ESSS","exclosures","NA",5.84597998005973e-19,-0.920273192719452,0.920273192719452,217,539,1446,58,0.95
"2021-01-14",1,2022,551,"abundance","ESSS","exclosures","NA",5.84597998005973e-19,-0.934090015885652,0.934090015885652,217,539,1446,58,0.95
"2021-01-14",2,2020,528,"abundance","ESSS","exclosures","OL",5.75982667545103e-18,-1.04615280223428,1.04615280223428,217,539,1446,58,0.95
"2021-01-14",3,2020,529,"abundance","ESSS","exclosures","OL",5.75982667545103e-18,-1.19921024076703,1.19921024076703,217,539,1446,58,0.95
"2021-01-14",4,2020,530,"abundance","ESSS","exclosures","OL",5.75982667545103e-18,-1.33483134421485,1.33483134421485,217,539,1446,58,0.95
"2021-01-14",5,2020,531,"abundance","ESSS","exclosures","OL",5.75982667545103e-18,-1.45789033656045,1.45789033656045,217,539,1446,58,0.95
"2021-01-14",6,2020,532,"abundance","ESSS","exclosures","OL",5.75982667545103e-18,-1.57134138536927,1.57134138536927,217,539,1446,58,0.95
"2021-01-14",7,2020,533,"abundance","ESSS","exclosures","OL",5.75982667545103e-18,-1.67713543439763,1.67713543439763,217,539,1446,58,0.95
"2021-01-14",8,2020,534,"abundance","ESSS","exclosures","OL",5.75982667545103e-18,-1.77664087008321,1.77664087008321,217,539,1446,58,0.95
"2021-01-14",9,2020,535,"abundance","ESSS","exclosures","OL",5.75982667545103e-18,-1.87086137839978,1.87086137839978,217,539,1446,58,0.95
"2021-01-14",10,2020,536,"abundance","ESSS","exclosures","OL",5.75982667545103e-18,-1.9605590562709,1.9605590562709,217,539,1446,58,0.95
"2021-01-14",11,2020,537,"abundance","ESSS","exclosures","OL",5.75982667545103e-18,-2.0463287441327,2.0463287441327,217,539,1446,58,0.95
"2021-01-14",12,2020,538,"abundance","ESSS","exclosures","OL",5.75982667545103e-18,-2.12864530746708,2.12864530746708,217,539,1446,58,0.95
"2021-01-14",1,2021,539,"abundance","ESSS","exclosures","OL",5.75982667545103e-18,-2.20789500677444,2.20789500677444,217,539,1446,58,0.95
"2021-01-14",2,2021,540,"abundance","ESSS","exclosures","OL",5.75982667545103e-18,-2.28439704886813,2.28439704886813,217,539,1446,58,0.95
"2021-01-14",3,2021,541,"abundance","ESSS","exclosures","OL",5.75982667545103e-18,-2.35841883320485,2.35841883320485,217,539,1446,58,0.95
"2021-01-14",4,2021,542,"abundance","ESSS","exclosures","OL",5.75982667545103e-18,-2.43018701106586,2.43018701106586,217,539,1446,58,0.95
"2021-01-14",5,2021,543,"abundance","ESSS","exclosures","OL",5.75982667545103e-18,-2.49989568276181,2.49989568276181,217,539,1446,58,0.95
"2021-01-14",6,2021,544,"abundance","ESSS","exclosures","OL",5.75982667545103e-18,-2.56771258917914,2.56771258917914,217,539,1446,58,0.95
"2021-01-14",7,2021,545,"abundance","ESSS","exclosures","OL",5.75982667545103e-18,-2.63378386671475,2.63378386671475,217,539,1446,58,0.95
"2021-01-14",8,2021,546,"abundance","ESSS","exclosures","OL",5.75982667545103e-18,-2.69823775314645,2.69823775314645,217,539,1446,58,0.95
"2021-01-14",9,2021,547,"abundance","ESSS","exclosures","OL",5.75982667545103e-18,-2.76118751417623,2.76118751417623,217,539,1446,58,0.95
"2021-01-14",10,2021,548,"abundance","ESSS","exclosures","OL",5.75982667545103e-18,-2.82273378205962,2.82273378205962,217,539,1446,58,0.95
"2021-01-14",11,2021,549,"abundance","ESSS","exclosures","OL",5.75982667545103e-18,-2.88296644453565,2.88296644453565,217,539,1446,58,0.95
"2021-01-14",12,2021,550,"abundance","ESSS","exclosures","OL",5.75982667545103e-18,-2.94196618543729,2.94196618543729,217,539,1446,58,0.95
"2021-01-14",1,2022,551,"abundance","ESSS","exclosures","OL",5.75982667545103e-18,-2.99980575241037,2.99980575241037,217,539,1446,58,0.95
"2021-01-14",2,2020,528,"abundance","ESSS","exclosures","OT",0.0355663582895729,-2.83195640616599,2.90308912274514,217,539,1446,58,0.95
"2021-01-14",3,2020,529,"abundance","ESSS","exclosures","OT",0.0355663582895729,-3.34040256703793,3.41153528361708,217,539,1446,58,0.95
"2021-01-14",4,2020,530,"abundance","ESSS","exclosures","OT",0.0355663582895729,-3.78171612600249,3.85284884258164,217,539,1446,58,0.95
"2021-01-14",5,2020,531,"abundance","ESSS","exclosures","OT",0.0355663582895729,-4.17704861877504,4.24818133535418,217,539,1446,58,0.95
"2021-01-14",6,2020,532,"abundance","ESSS","exclosures","OT",0.0355663582895729,-4.53833835487347,4.60947107145262,217,539,1446,58,0.95
"2021-01-14",7,2020,533,"abundance","ESSS","exclosures","OT",0.0355663582895729,-4.87310797448106,4.9442406910602,217,539,1446,58,0.95
"2021-01-14",8,2020,534,"abundance","ESSS","exclosures","OT",0.0355663582895729,-5.18646036371284,5.25759308029199,217,539,1446,58,0.95
"2021-01-14",9,2020,535,"abundance","ESSS","exclosures","OT",0.0355663582895729,-5.48204566734374,5.55317838392288,217,539,1446,58,0.95
"2021-01-14",10,2020,536,"abundance","ESSS","exclosures","OT",0.0355663582895729,-5.7625817810321,5.83371449761125,217,539,1446,58,0.95
"2021-01-14",11,2020,537,"abundance","ESSS","exclosures","OT",0.0355663582895729,-6.03015711262677,6.10128982920592,217,539,1446,58,0.95
"2021-01-14",12,2020,538,"abundance","ESSS","exclosures","OT",0.0355663582895729,-6.28641755546183,6.35755027204098,217,539,1446,58,0.95
"2021-01-14",1,2021,539,"abundance","ESSS","exclosures","OT",0.0355663582895729,-6.53268759430982,6.60382031088897,217,539,1446,58,0.95
"2021-01-14",2,2021,540,"abundance","ESSS","exclosures","OT",0.0355663582895729,-6.77005186241188,6.84118457899103,217,539,1446,58,0.95
"2021-01-14",3,2021,541,"abundance","ESSS","exclosures","OT",0.0355663582895729,-6.99941187522684,7.07054459180599,217,539,1446,58,0.95
"2021-01-14",4,2021,542,"abundance","ESSS","exclosures","OT",0.0355663582895729,-7.22152659455014,7.29265931112928,217,539,1446,58,0.95
"2021-01-14",5,2021,543,"abundance","ESSS","exclosures","OT",0.0355663582895729,-7.43704212243935,7.5081748390185,217,539,1446,58,0.95
"2021-01-14",6,2021,544,"abundance","ESSS","exclosures","OT",0.0355663582895729,-7.64651388643372,7.71764660301287,217,539,1446,58,0.95
"2021-01-14",7,2021,545,"abundance","ESSS","exclosures","OT",0.0355663582895729,-7.85042351403933,7.92155623061848,217,539,1446,58,0.95
"2021-01-14",8,2021,546,"abundance","ESSS","exclosures","OT",0.0355663582895729,-8.04919187226872,8.12032458884787,217,539,1446,58,0.95
"2021-01-14",9,2021,547,"abundance","ESSS","exclosures","OT",0.0355663582895729,-8.24318928653327,8.31432200311242,217,539,1446,58,0.95
"2021-01-14",10,2021,548,"abundance","ESSS","exclosures","OT",0.0355663582895729,-8.43274365060785,8.50387636718699,217,539,1446,58,0.95
"2021-01-14",11,2021,549,"abundance","ESSS","exclosures","OT",0.0355663582895729,-8.6181469364122,8.68927965299135,217,539,1446,58,0.95
"2021-01-14",12,2021,550,"abundance","ESSS","exclosures","OT",0.0355663582895729,-8.79966047337719,8.87079318995634,217,539,1446,58,0.95
"2021-01-14",1,2022,551,"abundance","ESSS","exclosures","OT",0.0355663582895729,-8.97751927023468,9.04865198681382,217,539,1446,58,0.95
"2021-01-14",2,2020,528,"abundance","ESSS","exclosures","PB",1.99989988423341,-7.10347723649912,11.1032770049659,217,539,1446,58,0.95
"2021-01-14",3,2020,529,"abundance","ESSS","exclosures","PB",1.99989988423341,-10.8735749391966,14.8733747076634,217,539,1446,58,0.95
"2021-01-14",4,2020,530,"abundance","ESSS","exclosures","PB",1.99989988423341,-13.7665592317728,17.7663590002396,217,539,1446,58,0.95
"2021-01-14",5,2020,531,"abundance","ESSS","exclosures","PB",1.99989988423341,-16.2054870131633,20.2052867816302,217,539,1446,58,0.95
"2021-01-14",6,2020,532,"abundance","ESSS","exclosures","PB",1.99989988423341,-18.3542395255062,22.354039293973,217,539,1446,58,0.95
"2021-01-14",7,2020,533,"abundance","ESSS","exclosures","PB",1.99989988423341,-20.2968682703294,24.2966680387962,217,539,1446,58,0.95
"2021-01-14",8,2020,534,"abundance","ESSS","exclosures","PB",1.99989988423341,-22.083304827049,26.0831045955158,217,539,1446,58,0.95
"2021-01-14",9,2020,535,"abundance","ESSS","exclosures","PB",1.99989988423341,-23.7460828741067,27.7458826425735,217,539,1446,58,0.95
"2021-01-14",10,2020,536,"abundance","ESSS","exclosures","PB",1.99989988423341,-25.30780062716,29.3076003956268,217,539,1446,58,0.95
"2021-01-14",11,2020,537,"abundance","ESSS","exclosures","PB",1.99989988423341,-26.7849118443008,30.7847116127677,217,539,1446,58,0.95
"2021-01-14",12,2020,538,"abundance","ESSS","exclosures","PB",1.99989988423341,-28.1898378634578,32.1896376319246,217,539,1446,58,0.95
"2021-01-14",1,2021,539,"abundance","ESSS","exclosures","PB",1.99989988423341,-29.5322288783729,33.5320286468397,217,539,1446,58,0.95
"2021-01-14",2,2021,540,"abundance","ESSS","exclosures","PB",1.99989988423341,-30.8197592140691,34.8195589825359,217,539,1446,58,0.95
"2021-01-14",3,2021,541,"abundance","ESSS","exclosures","PB",1.99989988423341,-32.0586512058526,36.0584509743195,217,539,1446,58,0.95
"2021-01-14",4,2021,542,"abundance","ESSS","exclosures","PB",1.99989988423341,-33.2540329656376,37.2538327341044,217,539,1446,58,0.95
"2021-01-14",5,2021,543,"abundance","ESSS","exclosures","PB",1.99989988423341,-34.4101902064327,38.4099899748995,217,539,1446,58,0.95
"2021-01-14",6,2021,544,"abundance","ESSS","exclosures","PB",1.99989988423341,-35.5307481176014,39.5305478860683,217,539,1446,58,0.95
"2021-01-14",7,2021,545,"abundance","ESSS","exclosures","PB",1.99989988423341,-36.618805667155,40.6186054356218,217,539,1446,58,0.95
"2021-01-14",8,2021,546,"abundance","ESSS","exclosures","PB",1.99989988423341,-37.6770367098643,41.6768364783311,217,539,1446,58,0.95
"2021-01-14",9,2021,547,"abundance","ESSS","exclosures","PB",1.99989988423341,-38.7077674097698,42.7075671782366,217,539,1446,58,0.95
"2021-01-14",10,2021,548,"abundance","ESSS","exclosures","PB",1.99989988423341,-39.7130364250996,43.7128361935664,217,539,1446,58,0.95
"2021-01-14",11,2021,549,"abundance","ESSS","exclosures","PB",1.99989988423341,-40.694642326378,44.6944420948448,217,539,1446,58,0.95
"2021-01-14",12,2021,550,"abundance","ESSS","exclosures","PB",1.99989988423341,-41.6541814095115,45.6539811779783,217,539,1446,58,0.95
"2021-01-14",1,2022,551,"abundance","ESSS","exclosures","PB",1.99989988423341,-42.5930781798979,46.5928779483647,217,539,1446,58,0.95
"2021-01-14",2,2020,528,"abundance","ESSS","exclosures","PE",1.04649117541885,-0.78281161017903,2.87579396101674,217,539,1446,58,0.95
"2021-01-14",3,2020,529,"abundance","ESSS","exclosures","PE",1.04649117541885,-0.934972497731245,3.02795484856895,217,539,1446,58,0.95
"2021-01-14",4,2020,530,"abundance","ESSS","exclosures","PE",1.04649117541885,-1.07625419193701,3.16923654277472,217,539,1446,58,0.95
"2021-01-14",5,2020,531,"abundance","ESSS","exclosures","PE",1.04649117541885,-1.20870227554009,3.30168462637779,217,539,1446,58,0.95
"2021-01-14",6,2020,532,"abundance","ESSS","exclosures","PE",1.04649117541885,-1.33379181361111,3.42677416444881,217,539,1446,58,0.95
"2021-01-14",7,2020,533,"abundance","ESSS","exclosures","PE",1.04649117541885,-1.45262801231164,3.54561036314934,217,539,1446,58,0.95
"2021-01-14",8,2020,534,"abundance","ESSS","exclosures","PE",1.04649117541885,-1.5660643399913,3.65904669082901,217,539,1446,58,0.95
"2021-01-14",9,2020,535,"abundance","ESSS","exclosures","PE",1.04649117541885,-1.67477616310511,3.76775851394282,217,539,1446,58,0.95
"2021-01-14",10,2020,536,"abundance","ESSS","exclosures","PE",1.04649117541885,-1.7793088058846,3.87229115672231,217,539,1446,58,0.95
"2021-01-14",11,2020,537,"abundance","ESSS","exclosures","PE",1.04649117541885,-1.8801101197616,3.97309247059931,217,539,1446,58,0.95
"2021-01-14",12,2020,538,"abundance","ESSS","exclosures","PE",1.04649117541885,-1.97755326003001,4.07053561086772,217,539,1446,58,0.95
"2021-01-14",1,2021,539,"abundance","ESSS","exclosures","PE",1.04649117541885,-2.07195304473108,4.16493539556879,217,539,1446,58,0.95
"2021-01-14",2,2021,540,"abundance","ESSS","exclosures","PE",1.04649117541885,-2.16357797660947,4.25656032744718,217,539,1446,58,0.95
"2021-01-14",3,2021,541,"abundance","ESSS","exclosures","PE",1.04649117541885,-2.25265925574083,4.34564160657854,217,539,1446,58,0.95
"2021-01-14",4,2021,542,"abundance","ESSS","exclosures","PE",1.04649117541885,-2.33939765530764,4.43238000614535,217,539,1446,58,0.95
"2021-01-14",5,2021,543,"abundance","ESSS","exclosures","PE",1.04649117541885,-2.42396884893754,4.51695119977524,217,539,1446,58,0.95
"2021-01-14",6,2021,544,"abundance","ESSS","exclosures","PE",1.04649117541885,-2.50652759560855,4.59950994644625,217,539,1446,58,0.95
"2021-01-14",7,2021,545,"abundance","ESSS","exclosures","PE",1.04649117541885,-2.58721106800869,4.6801934188464,217,539,1446,58,0.95
"2021-01-14",8,2021,546,"abundance","ESSS","exclosures","PE",1.04649117541885,-2.66614152934843,4.75912388018614,217,539,1446,58,0.95
"2021-01-14",9,2021,547,"abundance","ESSS","exclosures","PE",1.04649117541885,-2.7434285080474,4.83641085888511,217,539,1446,58,0.95
"2021-01-14",10,2021,548,"abundance","ESSS","exclosures","PE",1.04649117541885,-2.81917058083224,4.91215293166995,217,539,1446,58,0.95
"2021-01-14",11,2021,549,"abundance","ESSS","exclosures","PE",1.04649117541885,-2.89345684712657,4.98643919796428,217,539,1446,58,0.95
"2021-01-14",12,2021,550,"abundance","ESSS","exclosures","PE",1.04649117541885,-2.96636815764739,5.0593505084851,217,539,1446,58,0.95
"2021-01-14",1,2022,551,"abundance","ESSS","exclosures","PE",1.04649117541885,-3.03797814550819,5.13096049634589,217,539,1446,58,0.95
"2021-01-14",2,2020,528,"abundance","ESSS","exclosures","PF",1.71795841879212e-16,-3.21220005165436,3.21220005165436,217,539,1446,58,0.95
"2021-01-14",3,2020,529,"abundance","ESSS","exclosures","PF",1.71795841879212e-16,-3.88096443930004,3.88096443930004,217,539,1446,58,0.95
"2021-01-14",4,2020,530,"abundance","ESSS","exclosures","PF",1.71795841879212e-16,-4.45034164827541,4.45034164827541,217,539,1446,58,0.95
"2021-01-14",5,2020,531,"abundance","ESSS","exclosures","PF",1.71795841879212e-16,-4.95471458245962,4.95471458245962,217,539,1446,58,0.95
"2021-01-14",6,2020,532,"abundance","ESSS","exclosures","PF",1.71795841879212e-16,-5.41228716910893,5.41228716910893,217,539,1446,58,0.95
"2021-01-14",7,2020,533,"abundance","ESSS","exclosures","PF",1.71795841879212e-16,-5.8340816079452,5.8340816079452,217,539,1446,58,0.95
"2021-01-14",8,2020,534,"abundance","ESSS","exclosures","PF",1.71795841879212e-16,-6.22737215970169,6.22737215970169,217,539,1446,58,0.95
"2021-01-14",9,2020,535,"abundance","ESSS","exclosures","PF",1.71795841879212e-16,-6.59725850809948,6.59725850809948,217,539,1446,58,0.95
"2021-01-14",10,2020,536,"abundance","ESSS","exclosures","PF",1.71795841879212e-16,-6.94747980421348,6.94747980421348,217,539,1446,58,0.95
"2021-01-14",11,2020,537,"abundance","ESSS","exclosures","PF",1.71795841879212e-16,-7.28087435938963,7.28087435938963,217,539,1446,58,0.95
"2021-01-14",12,2020,538,"abundance","ESSS","exclosures","PF",1.71795841879212e-16,-7.59965704782003,7.59965704782003,217,539,1446,58,0.95
"2021-01-14",1,2021,539,"abundance","ESSS","exclosures","PF",1.71795841879212e-16,-7.90559567975392,7.90559567975392,217,539,1446,58,0.95
"2021-01-14",2,2021,540,"abundance","ESSS","exclosures","PF",1.71795841879212e-16,-8.20012797820907,8.20012797820907,217,539,1446,58,0.95
"2021-01-14",3,2021,541,"abundance","ESSS","exclosures","PF",1.71795841879212e-16,-8.4844419183745,8.4844419183745,217,539,1446,58,0.95
"2021-01-14",4,2021,542,"abundance","ESSS","exclosures","PF",1.71795841879212e-16,-8.75953254880268,8.75953254880268,217,539,1446,58,0.95
"2021-01-14",5,2021,543,"abundance","ESSS","exclosures","PF",1.71795841879212e-16,-9.02624319862903,9.02624319862903,217,539,1446,58,0.95
"2021-01-14",6,2021,544,"abundance","ESSS","exclosures","PF",1.71795841879212e-16,-9.28529601510151,9.28529601510151,217,539,1446,58,0.95
"2021-01-14",7,2021,545,"abundance","ESSS","exclosures","PF",1.71795841879212e-16,-9.53731502548402,9.53731502548402,217,539,1446,58,0.95
"2021-01-14",8,2021,546,"abundance","ESSS","exclosures","PF",1.71795841879212e-16,-9.7828438453543,9.7828438453543,217,539,1446,58,0.95
"2021-01-14",9,2021,547,"abundance","ESSS","exclosures","PF",1.71795841879212e-16,-10.0223594781793,10.0223594781793,217,539,1446,58,0.95
"2021-01-14",10,2021,548,"abundance","ESSS","exclosures","PF",1.71795841879212e-16,-10.2562832116275,10.2562832116275,217,539,1446,58,0.95
"2021-01-14",11,2021,549,"abundance","ESSS","exclosures","PF",1.71795841879212e-16,-10.4849893239992,10.4849893239992,217,539,1446,58,0.95
"2021-01-14",12,2021,550,"abundance","ESSS","exclosures","PF",1.71795841879212e-16,-10.7088121158063,10.7088121158063,217,539,1446,58,0.95
"2021-01-14",1,2022,551,"abundance","ESSS","exclosures","PF",1.71795841879212e-16,-10.9280516442275,10.9280516442275,217,539,1446,58,0.95
"2021-01-14",2,2020,528,"abundance","ESSS","exclosures","PH",0.00642995738095882,-0.1507526724327,0.163612587194618,217,539,1446,58,0.95
"2021-01-14",3,2020,529,"abundance","ESSS","exclosures","PH",0.00642995738095882,-0.150752673218724,0.163612587980642,217,539,1446,58,0.95
"2021-01-14",4,2020,530,"abundance","ESSS","exclosures","PH",0.00642995738095882,-0.150752674004748,0.163612588766665,217,539,1446,58,0.95
"2021-01-14",5,2020,531,"abundance","ESSS","exclosures","PH",0.00642995738095882,-0.150752674790771,0.163612589552689,217,539,1446,58,0.95
"2021-01-14",6,2020,532,"abundance","ESSS","exclosures","PH",0.00642995738095882,-0.150752675576795,0.163612590338713,217,539,1446,58,0.95
"2021-01-14",7,2020,533,"abundance","ESSS","exclosures","PH",0.00642995738095882,-0.150752676362819,0.163612591124736,217,539,1446,58,0.95
"2021-01-14",8,2020,534,"abundance","ESSS","exclosures","PH",0.00642995738095882,-0.150752677148842,0.16361259191076,217,539,1446,58,0.95
"2021-01-14",9,2020,535,"abundance","ESSS","exclosures","PH",0.00642995738095882,-0.150752677934866,0.163612592696784,217,539,1446,58,0.95
"2021-01-14",10,2020,536,"abundance","ESSS","exclosures","PH",0.00642995738095882,-0.15075267872089,0.163612593482807,217,539,1446,58,0.95
"2021-01-14",11,2020,537,"abundance","ESSS","exclosures","PH",0.00642995738095882,-0.150752679506913,0.163612594268831,217,539,1446,58,0.95
"2021-01-14",12,2020,538,"abundance","ESSS","exclosures","PH",0.00642995738095882,-0.150752680292937,0.163612595054855,217,539,1446,58,0.95
"2021-01-14",1,2021,539,"abundance","ESSS","exclosures","PH",0.00642995738095882,-0.150752681078961,0.163612595840878,217,539,1446,58,0.95
"2021-01-14",2,2021,540,"abundance","ESSS","exclosures","PH",0.00642995738095882,-0.150752681864984,0.163612596626902,217,539,1446,58,0.95
"2021-01-14",3,2021,541,"abundance","ESSS","exclosures","PH",0.00642995738095882,-0.150752682651008,0.163612597412925,217,539,1446,58,0.95
"2021-01-14",4,2021,542,"abundance","ESSS","exclosures","PH",0.00642995738095882,-0.150752683437031,0.163612598198949,217,539,1446,58,0.95
"2021-01-14",5,2021,543,"abundance","ESSS","exclosures","PH",0.00642995738095882,-0.150752684223055,0.163612598984973,217,539,1446,58,0.95
"2021-01-14",6,2021,544,"abundance","ESSS","exclosures","PH",0.00642995738095882,-0.150752685009079,0.163612599770996,217,539,1446,58,0.95
"2021-01-14",7,2021,545,"abundance","ESSS","exclosures","PH",0.00642995738095882,-0.150752685795102,0.16361260055702,217,539,1446,58,0.95
"2021-01-14",8,2021,546,"abundance","ESSS","exclosures","PH",0.00642995738095882,-0.150752686581126,0.163612601343043,217,539,1446,58,0.95
"2021-01-14",9,2021,547,"abundance","ESSS","exclosures","PH",0.00642995738095882,-0.150752687367149,0.163612602129067,217,539,1446,58,0.95
"2021-01-14",10,2021,548,"abundance","ESSS","exclosures","PH",0.00642995738095882,-0.150752688153173,0.163612602915091,217,539,1446,58,0.95
"2021-01-14",11,2021,549,"abundance","ESSS","exclosures","PH",0.00642995738095882,-0.150752688939197,0.163612603701114,217,539,1446,58,0.95
"2021-01-14",12,2021,550,"abundance","ESSS","exclosures","PH",0.00642995738095882,-0.15075268972522,0.163612604487138,217,539,1446,58,0.95
"2021-01-14",1,2022,551,"abundance","ESSS","exclosures","PH",0.00642995738095882,-0.150752690511244,0.163612605273161,217,539,1446,58,0.95
"2021-01-14",2,2020,528,"abundance","ESSS","exclosures","PL",0.0353695395527873,-0.419081838277387,0.489820917382962,217,539,1446,58,0.95
"2021-01-14",3,2020,529,"abundance","ESSS","exclosures","PL",0.0353695395527873,-0.419081840551712,0.489820919657287,217,539,1446,58,0.95
"2021-01-14",4,2020,530,"abundance","ESSS","exclosures","PL",0.0353695395527873,-0.419081842826037,0.489820921931611,217,539,1446,58,0.95
"2021-01-14",5,2020,531,"abundance","ESSS","exclosures","PL",0.0353695395527873,-0.419081845100362,0.489820924205936,217,539,1446,58,0.95
"2021-01-14",6,2020,532,"abundance","ESSS","exclosures","PL",0.0353695395527873,-0.419081847374686,0.489820926480261,217,539,1446,58,0.95
"2021-01-14",7,2020,533,"abundance","ESSS","exclosures","PL",0.0353695395527873,-0.419081849649011,0.489820928754586,217,539,1446,58,0.95
"2021-01-14",8,2020,534,"abundance","ESSS","exclosures","PL",0.0353695395527873,-0.419081851923336,0.489820931028911,217,539,1446,58,0.95
"2021-01-14",9,2020,535,"abundance","ESSS","exclosures","PL",0.0353695395527873,-0.419081854197661,0.489820933303236,217,539,1446,58,0.95
"2021-01-14",10,2020,536,"abundance","ESSS","exclosures","PL",0.0353695395527873,-0.419081856471986,0.48982093557756,217,539,1446,58,0.95
"2021-01-14",11,2020,537,"abundance","ESSS","exclosures","PL",0.0353695395527873,-0.419081858746311,0.489820937851885,217,539,1446,58,0.95
"2021-01-14",12,2020,538,"abundance","ESSS","exclosures","PL",0.0353695395527873,-0.419081861020635,0.48982094012621,217,539,1446,58,0.95
"2021-01-14",1,2021,539,"abundance","ESSS","exclosures","PL",0.0353695395527873,-0.41908186329496,0.489820942400535,217,539,1446,58,0.95
"2021-01-14",2,2021,540,"abundance","ESSS","exclosures","PL",0.0353695395527873,-0.419081865569285,0.48982094467486,217,539,1446,58,0.95
"2021-01-14",3,2021,541,"abundance","ESSS","exclosures","PL",0.0353695395527873,-0.41908186784361,0.489820946949184,217,539,1446,58,0.95
"2021-01-14",4,2021,542,"abundance","ESSS","exclosures","PL",0.0353695395527873,-0.419081870117934,0.489820949223509,217,539,1446,58,0.95
"2021-01-14",5,2021,543,"abundance","ESSS","exclosures","PL",0.0353695395527873,-0.419081872392259,0.489820951497834,217,539,1446,58,0.95
"2021-01-14",6,2021,544,"abundance","ESSS","exclosures","PL",0.0353695395527873,-0.419081874666584,0.489820953772159,217,539,1446,58,0.95
"2021-01-14",7,2021,545,"abundance","ESSS","exclosures","PL",0.0353695395527873,-0.419081876940909,0.489820956046483,217,539,1446,58,0.95
"2021-01-14",8,2021,546,"abundance","ESSS","exclosures","PL",0.0353695395527873,-0.419081879215233,0.489820958320808,217,539,1446,58,0.95
"2021-01-14",9,2021,547,"abundance","ESSS","exclosures","PL",0.0353695395527873,-0.419081881489558,0.489820960595133,217,539,1446,58,0.95
"2021-01-14",10,2021,548,"abundance","ESSS","exclosures","PL",0.0353695395527873,-0.419081883763883,0.489820962869457,217,539,1446,58,0.95
"2021-01-14",11,2021,549,"abundance","ESSS","exclosures","PL",0.0353695395527873,-0.419081886038207,0.489820965143782,217,539,1446,58,0.95
"2021-01-14",12,2021,550,"abundance","ESSS","exclosures","PL",0.0353695395527873,-0.419081888312532,0.489820967418107,217,539,1446,58,0.95
"2021-01-14",1,2022,551,"abundance","ESSS","exclosures","PL",0.0353695395527873,-0.419081890586857,0.489820969692431,217,539,1446,58,0.95
"2021-01-14",2,2020,528,"abundance","ESSS","exclosures","PM",8.48630240527582e-21,-1.56369532301266,1.56369532301266,217,539,1446,58,0.95
"2021-01-14",3,2020,529,"abundance","ESSS","exclosures","PM",8.48630240527582e-21,-1.94809687526773,1.94809687526773,217,539,1446,58,0.95
"2021-01-14",4,2020,530,"abundance","ESSS","exclosures","PM",8.48630240527582e-21,-2.26826361070403,2.26826361070403,217,539,1446,58,0.95
"2021-01-14",5,2020,531,"abundance","ESSS","exclosures","PM",8.48630240527582e-21,-2.54852078270127,2.54852078270127,217,539,1446,58,0.95
"2021-01-14",6,2020,532,"abundance","ESSS","exclosures","PM",8.48630240527582e-21,-2.80087424781559,2.80087424781559,217,539,1446,58,0.95
"2021-01-14",7,2020,533,"abundance","ESSS","exclosures","PM",8.48630240527582e-21,-3.03229862056703,3.03229862056703,217,539,1446,58,0.95
"2021-01-14",8,2020,534,"abundance","ESSS","exclosures","PM",8.48630240527582e-21,-3.24727166964961,3.24727166964961,217,539,1446,58,0.95
"2021-01-14",9,2020,535,"abundance","ESSS","exclosures","PM",8.48630240527582e-21,-3.44887107162984,3.44887107162984,217,539,1446,58,0.95
"2021-01-14",10,2020,536,"abundance","ESSS","exclosures","PM",8.48630240527582e-21,-3.63931999705183,3.63931999705183,217,539,1446,58,0.95
"2021-01-14",11,2020,537,"abundance","ESSS","exclosures","PM",8.48630240527582e-21,-3.82028643077421,3.82028643077421,217,539,1446,58,0.95
"2021-01-14",12,2020,538,"abundance","ESSS","exclosures","PM",8.48630240527582e-21,-3.9930598274223,3.9930598274223,217,539,1446,58,0.95
"2021-01-14",1,2021,539,"abundance","ESSS","exclosures","PM",8.48630240527582e-21,-4.1586614622484,4.1586614622484,217,539,1446,58,0.95
"2021-01-14",2,2021,540,"abundance","ESSS","exclosures","PM",8.48630240527582e-21,-4.31791657281682,4.31791657281682,217,539,1446,58,0.95
"2021-01-14",3,2021,541,"abundance","ESSS","exclosures","PM",8.48630240527582e-21,-4.47150331566716,4.47150331566716,217,539,1446,58,0.95
"2021-01-14",4,2021,542,"abundance","ESSS","exclosures","PM",8.48630240527582e-21,-4.61998704264835,4.61998704264835,217,539,1446,58,0.95
"2021-01-14",5,2021,543,"abundance","ESSS","exclosures","PM",8.48630240527582e-21,-4.76384494357812,4.76384494357812,217,539,1446,58,0.95
"2021-01-14",6,2021,544,"abundance","ESSS","exclosures","PM",8.48630240527582e-21,-4.90348417134909,4.90348417134909,217,539,1446,58,0.95
"2021-01-14",7,2021,545,"abundance","ESSS","exclosures","PM",8.48630240527582e-21,-5.03925544013074,5.03925544013074,217,539,1446,58,0.95
"2021-01-14",8,2021,546,"abundance","ESSS","exclosures","PM",8.48630240527582e-21,-5.17146340633901,5.17146340633901,217,539,1446,58,0.95
"2021-01-14",9,2021,547,"abundance","ESSS","exclosures","PM",8.48630240527582e-21,-5.30037471650068,5.30037471650068,217,539,1446,58,0.95
"2021-01-14",10,2021,548,"abundance","ESSS","exclosures","PM",8.48630240527582e-21,-5.42622433258485,5.42622433258485,217,539,1446,58,0.95
"2021-01-14",11,2021,549,"abundance","ESSS","exclosures","PM",8.48630240527582e-21,-5.54922056506606,5.54922056506606,217,539,1446,58,0.95
"2021-01-14",12,2021,550,"abundance","ESSS","exclosures","PM",8.48630240527582e-21,-5.66954912245835,5.66954912245835,217,539,1446,58,0.95
"2021-01-14",1,2022,551,"abundance","ESSS","exclosures","PM",8.48630240527582e-21,-5.78737640249746,5.78737640249746,217,539,1446,58,0.95
"2021-01-14",2,2020,528,"abundance","ESSS","exclosures","PP",4.00313750549781e-12,-12.6138474883906,12.6138474883986,217,539,1446,58,0.95
"2021-01-14",3,2020,529,"abundance","ESSS","exclosures","PP",4.00313750549781e-12,-17.8377820992937,17.8377820993017,217,539,1446,58,0.95
"2021-01-14",4,2020,530,"abundance","ESSS","exclosures","PP",4.00313750549781e-12,-21.8463679357324,21.8463679357404,217,539,1446,58,0.95
"2021-01-14",5,2020,531,"abundance","ESSS","exclosures","PP",4.00313750549781e-12,-25.2258025391645,25.2258025391725,217,539,1446,58,0.95
"2021-01-14",6,2020,532,"abundance","ESSS","exclosures","PP",4.00313750549781e-12,-28.203163572664,28.203163572672,217,539,1446,58,0.95
"2021-01-14",7,2020,533,"abundance","ESSS","exclosures","PP",4.00313750549781e-12,-30.8949147477051,30.8949147477131,217,539,1446,58,0.95
"2021-01-14",8,2020,534,"abundance","ESSS","exclosures","PP",4.00313750549781e-12,-33.3702424179012,33.3702424179092,217,539,1446,58,0.95
"2021-01-14",9,2020,535,"abundance","ESSS","exclosures","PP",4.00313750549781e-12,-35.6742260012886,35.6742260012966,217,539,1446,58,0.95
"2021-01-14",10,2020,536,"abundance","ESSS","exclosures","PP",4.00313750549781e-12,-37.8381781082619,37.8381781082699,217,539,1446,58,0.95
"2021-01-14",11,2020,537,"abundance","ESSS","exclosures","PP",4.00313750549781e-12,-39.8848974464531,39.8848974464611,217,539,1446,58,0.95
"2021-01-14",12,2020,538,"abundance","ESSS","exclosures","PP",4.00313750549781e-12,-41.8315953087569,41.8315953087649,217,539,1446,58,0.95
"2021-01-14",1,2021,539,"abundance","ESSS","exclosures","PP",4.00313750549781e-12,-43.6916432265615,43.6916432265695,217,539,1446,58,0.95
"2021-01-14",2,2021,540,"abundance","ESSS","exclosures","PP",4.00313750549781e-12,-45.4756749218599,45.4756749218679,217,539,1446,58,0.95
"2021-01-14",3,2021,541,"abundance","ESSS","exclosures","PP",4.00313750549781e-12,-47.1923122061232,47.1923122061312,217,539,1446,58,0.95
"2021-01-14",4,2021,542,"abundance","ESSS","exclosures","PP",4.00313750549781e-12,-48.8486607096012,48.8486607096092,217,539,1446,58,0.95
"2021-01-14",5,2021,543,"abundance","ESSS","exclosures","PP",4.00313750549781e-12,-50.450658815156,50.450658815164,217,539,1446,58,0.95
"2021-01-14",6,2021,544,"abundance","ESSS","exclosures","PP",4.00313750549781e-12,-52.003329668828,52.003329668836,217,539,1446,58,0.95
"2021-01-14",7,2021,545,"abundance","ESSS","exclosures","PP",4.00313750549781e-12,-53.5109672721989,53.5109672722069,217,539,1446,58,0.95
"2021-01-14",8,2021,546,"abundance","ESSS","exclosures","PP",4.00313750549781e-12,-54.9772765801279,54.9772765801359,217,539,1446,58,0.95
"2021-01-14",9,2021,547,"abundance","ESSS","exclosures","PP",4.00313750549781e-12,-56.4054807791709,56.4054807791789,217,539,1446,58,0.95
"2021-01-14",10,2021,548,"abundance","ESSS","exclosures","PP",4.00313750549781e-12,-57.798404681193,57.798404681201,217,539,1446,58,0.95
"2021-01-14",11,2021,549,"abundance","ESSS","exclosures","PP",4.00313750549781e-12,-59.1585404269957,59.1585404270037,217,539,1446,58,0.95
"2021-01-14",12,2021,550,"abundance","ESSS","exclosures","PP",4.00313750549781e-12,-60.4880998810015,60.4880998810095,217,539,1446,58,0.95
"2021-01-14",1,2022,551,"abundance","ESSS","exclosures","PP",4.00313750549781e-12,-61.7890568707401,61.7890568707481,217,539,1446,58,0.95
"2021-01-14",2,2020,528,"abundance","ESSS","exclosures","RF",0.00642995738095882,-0.1507526724327,0.163612587194618,217,539,1446,58,0.95
"2021-01-14",3,2020,529,"abundance","ESSS","exclosures","RF",0.00642995738095882,-0.150752673218724,0.163612587980642,217,539,1446,58,0.95
"2021-01-14",4,2020,530,"abundance","ESSS","exclosures","RF",0.00642995738095882,-0.150752674004748,0.163612588766665,217,539,1446,58,0.95
"2021-01-14",5,2020,531,"abundance","ESSS","exclosures","RF",0.00642995738095882,-0.150752674790771,0.163612589552689,217,539,1446,58,0.95
"2021-01-14",6,2020,532,"abundance","ESSS","exclosures","RF",0.00642995738095882,-0.150752675576795,0.163612590338713,217,539,1446,58,0.95
"2021-01-14",7,2020,533,"abundance","ESSS","exclosures","RF",0.00642995738095882,-0.150752676362819,0.163612591124736,217,539,1446,58,0.95
"2021-01-14",8,2020,534,"abundance","ESSS","exclosures","RF",0.00642995738095882,-0.150752677148842,0.16361259191076,217,539,1446,58,0.95
"2021-01-14",9,2020,535,"abundance","ESSS","exclosures","RF",0.00642995738095882,-0.150752677934866,0.163612592696784,217,539,1446,58,0.95
"2021-01-14",10,2020,536,"abundance","ESSS","exclosures","RF",0.00642995738095882,-0.15075267872089,0.163612593482807,217,539,1446,58,0.95
"2021-01-14",11,2020,537,"abundance","ESSS","exclosures","RF",0.00642995738095882,-0.150752679506913,0.163612594268831,217,539,1446,58,0.95
"2021-01-14",12,2020,538,"abundance","ESSS","exclosures","RF",0.00642995738095882,-0.150752680292937,0.163612595054855,217,539,1446,58,0.95
"2021-01-14",1,2021,539,"abundance","ESSS","exclosures","RF",0.00642995738095882,-0.150752681078961,0.163612595840878,217,539,1446,58,0.95
"2021-01-14",2,2021,540,"abundance","ESSS","exclosures","RF",0.00642995738095882,-0.150752681864984,0.163612596626902,217,539,1446,58,0.95
"2021-01-14",3,2021,541,"abundance","ESSS","exclosures","RF",0.00642995738095882,-0.150752682651008,0.163612597412925,217,539,1446,58,0.95
"2021-01-14",4,2021,542,"abundance","ESSS","exclosures","RF",0.00642995738095882,-0.150752683437031,0.163612598198949,217,539,1446,58,0.95
"2021-01-14",5,2021,543,"abundance","ESSS","exclosures","RF",0.00642995738095882,-0.150752684223055,0.163612598984973,217,539,1446,58,0.95
"2021-01-14",6,2021,544,"abundance","ESSS","exclosures","RF",0.00642995738095882,-0.150752685009079,0.163612599770996,217,539,1446,58,0.95
"2021-01-14",7,2021,545,"abundance","ESSS","exclosures","RF",0.00642995738095882,-0.150752685795102,0.16361260055702,217,539,1446,58,0.95
"2021-01-14",8,2021,546,"abundance","ESSS","exclosures","RF",0.00642995738095882,-0.150752686581126,0.163612601343043,217,539,1446,58,0.95
"2021-01-14",9,2021,547,"abundance","ESSS","exclosures","RF",0.00642995738095882,-0.150752687367149,0.163612602129067,217,539,1446,58,0.95
"2021-01-14",10,2021,548,"abundance","ESSS","exclosures","RF",0.00642995738095882,-0.150752688153173,0.163612602915091,217,539,1446,58,0.95
"2021-01-14",11,2021,549,"abundance","ESSS","exclosures","RF",0.00642995738095882,-0.150752688939197,0.163612603701114,217,539,1446,58,0.95
"2021-01-14",12,2021,550,"abundance","ESSS","exclosures","RF",0.00642995738095882,-0.15075268972522,0.163612604487138,217,539,1446,58,0.95
"2021-01-14",1,2022,551,"abundance","ESSS","exclosures","RF",0.00642995738095882,-0.150752690511244,0.163612605273161,217,539,1446,58,0.95
"2021-01-14",2,2020,528,"abundance","ESSS","exclosures","RM",0.999997225850927,-2.05328287649832,4.05327732820017,217,539,1446,58,0.95
"2021-01-14",3,2020,529,"abundance","ESSS","exclosures","RM",0.999997225850927,-3.28776399337889,5.28775844508075,217,539,1446,58,0.95
"2021-01-14",4,2020,530,"abundance","ESSS","exclosures","RM",0.999997225850927,-4.23901729625727,6.23901174795912,217,539,1446,58,0.95
"2021-01-14",5,2020,531,"abundance","ESSS","exclosures","RM",0.999997225850927,-5.04232435220084,7.04231880390269,217,539,1446,58,0.95
"2021-01-14",6,2020,532,"abundance","ESSS","exclosures","RM",0.999997225850927,-5.75070843669424,7.75070288839609,217,539,1446,58,0.95
"2021-01-14",7,2020,533,"abundance","ESSS","exclosures","RM",0.999997225850927,-6.39151167504669,8.39150612674855,217,539,1446,58,0.95
"2021-01-14",8,2020,534,"abundance","ESSS","exclosures","RM",0.999997225850927,-6.98102906916766,8.98102352086952,217,539,1446,58,0.95
"2021-01-14",9,2020,535,"abundance","ESSS","exclosures","RM",0.999997225850927,-7.52990064056621,9.52989509226806,217,539,1446,58,0.95
"2021-01-14",10,2020,536,"abundance","ESSS","exclosures","RM",0.999997225850927,-8.04552843611239,10.0455228878142,217,539,1446,58,0.95
"2021-01-14",11,2020,537,"abundance","ESSS","exclosures","RM",0.999997225850927,-8.53330815009116,10.533302601793,217,539,1446,58,0.95
"2021-01-14",12,2020,538,"abundance","ESSS","exclosures","RM",0.999997225850927,-8.99731682746838,10.9973112791702,217,539,1446,58,0.95
"2021-01-14",1,2021,539,"abundance","ESSS","exclosures","RM",0.999997225850927,-9.44072426121236,11.4407187129142,217,539,1446,58,0.95
"2021-01-14",2,2021,540,"abundance","ESSS","exclosures","RM",0.999997225850927,-9.86605274919311,11.866047200895,217,539,1446,58,0.95
"2021-01-14",3,2021,541,"abundance","ESSS","exclosures","RM",0.999997225850927,-10.2753483985583,12.2753428502601,217,539,1446,58,0.95
"2021-01-14",4,2021,542,"abundance","ESSS","exclosures","RM",0.999997225850927,-10.6702982219779,12.6702926736797,217,539,1446,58,0.95
"2021-01-14",5,2021,543,"abundance","ESSS","exclosures","RM",0.999997225850927,-11.0523126245198,13.0523070762216,217,539,1446,58,0.95
"2021-01-14",6,2021,544,"abundance","ESSS","exclosures","RM",0.999997225850927,-11.4225850185567,13.4225794702586,217,539,1446,58,0.95
"2021-01-14",7,2021,545,"abundance","ESSS","exclosures","RM",0.999997225850927,-11.7821358711248,13.7821303228266,217,539,1446,58,0.95
"2021-01-14",8,2021,546,"abundance","ESSS","exclosures","RM",0.999997225850927,-12.1318458815933,14.1318403332952,217,539,1446,58,0.95
"2021-01-14",9,2021,547,"abundance","ESSS","exclosures","RM",0.999997225850927,-12.4724813986732,14.4724758503751,217,539,1446,58,0.95
"2021-01-14",10,2021,548,"abundance","ESSS","exclosures","RM",0.999997225850927,-12.8047141864891,14.8047086381909,217,539,1446,58,0.95
"2021-01-14",11,2021,549,"abundance","ESSS","exclosures","RM",0.999997225850927,-13.1291370033833,15.1291314550852,217,539,1446,58,0.95
"2021-01-14",12,2021,550,"abundance","ESSS","exclosures","RM",0.999997225850927,-13.4462760291255,15.4462704808274,217,539,1446,58,0.95
"2021-01-14",1,2022,551,"abundance","ESSS","exclosures","RM",0.999997225850927,-13.7566008864234,15.7565953381252,217,539,1446,58,0.95
"2021-01-14",2,2020,528,"abundance","ESSS","exclosures","RO",5.23207232545447e-13,-0.560205308072789,0.560205308073836,217,539,1446,58,0.95
"2021-01-14",3,2020,529,"abundance","ESSS","exclosures","RO",5.23207232545447e-13,-0.636375838724216,0.636375838725263,217,539,1446,58,0.95
"2021-01-14",4,2020,530,"abundance","ESSS","exclosures","RO",5.23207232545447e-13,-0.704356748410192,0.704356748411239,217,539,1446,58,0.95
"2021-01-14",5,2020,531,"abundance","ESSS","exclosures","RO",5.23207232545447e-13,-0.766330640096046,0.766330640097092,217,539,1446,58,0.95
"2021-01-14",6,2020,532,"abundance","ESSS","exclosures","RO",5.23207232545447e-13,-0.823654582254634,0.82365458225568,217,539,1446,58,0.95
"2021-01-14",7,2020,533,"abundance","ESSS","exclosures","RO",5.23207232545447e-13,-0.877240612254186,0.877240612255233,217,539,1446,58,0.95
"2021-01-14",8,2020,534,"abundance","ESSS","exclosures","RO",5.23207232545447e-13,-0.927736661293035,0.927736661294082,217,539,1446,58,0.95
"2021-01-14",9,2020,535,"abundance","ESSS","exclosures","RO",5.23207232545447e-13,-0.975622638947149,0.975622638948195,217,539,1446,58,0.95
"2021-01-14",10,2020,536,"abundance","ESSS","exclosures","RO",5.23207232545447e-13,-1.02126576097765,1.02126576097869,217,539,1446,58,0.95
"2021-01-14",11,2020,537,"abundance","ESSS","exclosures","RO",5.23207232545447e-13,-1.0649544476006,1.06495444760165,217,539,1446,58,0.95
"2021-01-14",12,2020,538,"abundance","ESSS","exclosures","RO",5.23207232545447e-13,-1.10692014002066,1.10692014002171,217,539,1446,58,0.95
"2021-01-14",1,2021,539,"abundance","ESSS","exclosures","RO",5.23207232545447e-13,-1.14735191519534,1.14735191519639,217,539,1446,58,0.95
"2021-01-14",2,2021,540,"abundance","ESSS","exclosures","RO",5.23207232545447e-13,-1.18640660745862,1.18640660745967,217,539,1446,58,0.95
"2021-01-14",3,2021,541,"abundance","ESSS","exclosures","RO",5.23207232545447e-13,-1.22421601816858,1.22421601816963,217,539,1446,58,0.95
"2021-01-14",4,2021,542,"abundance","ESSS","exclosures","RO",5.23207232545447e-13,-1.2608921762227,1.26089217622374,217,539,1446,58,0.95
"2021-01-14",5,2021,543,"abundance","ESSS","exclosures","RO",5.23207232545447e-13,-1.29653125723164,1.29653125723269,217,539,1446,58,0.95
"2021-01-14",6,2021,544,"abundance","ESSS","exclosures","RO",5.23207232545447e-13,-1.33121655710021,1.33121655710125,217,539,1446,58,0.95
"2021-01-14",7,2021,545,"abundance","ESSS","exclosures","RO",5.23207232545447e-13,-1.36502078475633,1.36502078475738,217,539,1446,58,0.95
"2021-01-14",8,2021,546,"abundance","ESSS","exclosures","RO",5.23207232545447e-13,-1.39800785539133,1.39800785539238,217,539,1446,58,0.95
"2021-01-14",9,2021,547,"abundance","ESSS","exclosures","RO",5.23207232545447e-13,-1.43023431110253,1.43023431110358,217,539,1446,58,0.95
"2021-01-14",10,2021,548,"abundance","ESSS","exclosures","RO",5.23207232545447e-13,-1.46175045940612,1.46175045940716,217,539,1446,58,0.95
"2021-01-14",11,2021,549,"abundance","ESSS","exclosures","RO",5.23207232545447e-13,-1.49260129522022,1.49260129522126,217,539,1446,58,0.95
"2021-01-14",12,2021,550,"abundance","ESSS","exclosures","RO",5.23207232545447e-13,-1.52282725461956,1.5228272546206,217,539,1446,58,0.95
"2021-01-14",1,2022,551,"abundance","ESSS","exclosures","RO",5.23207232545447e-13,-1.55246483642342,1.55246483642447,217,539,1446,58,0.95
"2021-01-14",2,2020,528,"abundance","ESSS","exclosures","SF",5.30434572287439e-50,-1.65429733138296,1.65429733138296,217,539,1446,58,0.95
"2021-01-14",3,2020,529,"abundance","ESSS","exclosures","SF",5.30434572287439e-50,-2.20768667704084,2.20768667704084,217,539,1446,58,0.95
"2021-01-14",4,2020,530,"abundance","ESSS","exclosures","SF",5.30434572287439e-50,-2.64784086896219,2.64784086896219,217,539,1446,58,0.95
"2021-01-14",5,2020,531,"abundance","ESSS","exclosures","SF",5.30434572287439e-50,-3.02460610174437,3.02460610174437,217,539,1446,58,0.95
"2021-01-14",6,2020,532,"abundance","ESSS","exclosures","SF",5.30434572287439e-50,-3.35937834637186,3.35937834637186,217,539,1446,58,0.95
"2021-01-14",7,2020,533,"abundance","ESSS","exclosures","SF",5.30434572287439e-50,-3.66368716970144,3.66368716970144,217,539,1446,58,0.95
"2021-01-14",8,2020,534,"abundance","ESSS","exclosures","SF",5.30434572287439e-50,-3.94458926642531,3.94458926642531,217,539,1446,58,0.95
"2021-01-14",9,2020,535,"abundance","ESSS","exclosures","SF",5.30434572287439e-50,-4.20677611528836,4.20677611528836,217,539,1446,58,0.95
"2021-01-14",10,2020,536,"abundance","ESSS","exclosures","SF",5.30434572287439e-50,-4.45355432071098,4.45355432071098,217,539,1446,58,0.95
"2021-01-14",11,2020,537,"abundance","ESSS","exclosures","SF",5.30434572287439e-50,-4.68735819954975,4.68735819954975,217,539,1446,58,0.95
"2021-01-14",12,2020,538,"abundance","ESSS","exclosures","SF",5.30434572287439e-50,-4.91004151655046,4.91004151655046,217,539,1446,58,0.95
"2021-01-14",1,2021,539,"abundance","ESSS","exclosures","SF",5.30434572287439e-50,-5.12305460615168,5.12305460615168,217,539,1446,58,0.95
"2021-01-14",2,2021,540,"abundance","ESSS","exclosures","SF",5.30434572287439e-50,-5.3275575361487,5.3275575361487,217,539,1446,58,0.95
"2021-01-14",3,2021,541,"abundance","ESSS","exclosures","SF",5.30434572287439e-50,-5.52449546151842,5.52449546151842,217,539,1446,58,0.95
"2021-01-14",4,2021,542,"abundance","ESSS","exclosures","SF",5.30434572287439e-50,-5.71465054991996,5.71465054991996,217,539,1446,58,0.95
"2021-01-14",5,2021,543,"abundance","ESSS","exclosures","SF",5.30434572287439e-50,-5.89867881063746,5.89867881063746,217,539,1446,58,0.95
"2021-01-14",6,2021,544,"abundance","ESSS","exclosures","SF",5.30434572287439e-50,-6.07713686816631,6.07713686816631,217,539,1446,58,0.95
"2021-01-14",7,2021,545,"abundance","ESSS","exclosures","SF",5.30434572287439e-50,-6.25050184527523,6.25050184527523,217,539,1446,58,0.95
"2021-01-14",8,2021,546,"abundance","ESSS","exclosures","SF",5.30434572287439e-50,-6.41918640648111,6.41918640648111,217,539,1446,58,0.95
"2021-01-14",9,2021,547,"abundance","ESSS","exclosures","SF",5.30434572287439e-50,-6.58355032824347,6.58355032824347,217,539,1446,58,0.95
"2021-01-14",10,2021,548,"abundance","ESSS","exclosures","SF",5.30434572287439e-50,-6.74390952844695,6.74390952844695,217,539,1446,58,0.95
"2021-01-14",11,2021,549,"abundance","ESSS","exclosures","SF",5.30434572287439e-50,-6.90054320551943,6.90054320551943,217,539,1446,58,0.95
"2021-01-14",12,2021,550,"abundance","ESSS","exclosures","SF",5.30434572287439e-50,-7.05369954949906,7.05369954949906,217,539,1446,58,0.95
"2021-01-14",1,2022,551,"abundance","ESSS","exclosures","SF",5.30434572287439e-50,-7.20360035940126,7.20360035940126,217,539,1446,58,0.95
"2021-01-14",2,2020,528,"abundance","ESSS","exclosures","SH",2.25801322143848e-33,-1.33815135009636,1.33815135009636,217,539,1446,58,0.95
"2021-01-14",3,2020,529,"abundance","ESSS","exclosures","SH",2.25801322143848e-33,-1.79339566674066,1.79339566674066,217,539,1446,58,0.95
"2021-01-14",4,2020,530,"abundance","ESSS","exclosures","SH",2.25801322143848e-33,-2.15450388702449,2.15450388702449,217,539,1446,58,0.95
"2021-01-14",5,2020,531,"abundance","ESSS","exclosures","SH",2.25801322143848e-33,-2.46323080139136,2.46323080139136,217,539,1446,58,0.95
"2021-01-14",6,2020,532,"abundance","ESSS","exclosures","SH",2.25801322143848e-33,-2.73735729539324,2.73735729539324,217,539,1446,58,0.95
"2021-01-14",7,2020,533,"abundance","ESSS","exclosures","SH",2.25801322143848e-33,-2.9864266179436,2.9864266179436,217,539,1446,58,0.95
"2021-01-14",8,2020,534,"abundance","ESSS","exclosures","SH",2.25801322143848e-33,-3.21626536935022,3.21626536935022,217,539,1446,58,0.95
"2021-01-14",9,2020,535,"abundance","ESSS","exclosures","SH",2.25801322143848e-33,-3.43074072290533,3.43074072290533,217,539,1446,58,0.95
"2021-01-14",10,2020,536,"abundance","ESSS","exclosures","SH",2.25801322143848e-33,-3.63257496681355,3.63257496681355,217,539,1446,58,0.95
"2021-01-14",11,2020,537,"abundance","ESSS","exclosures","SH",2.25801322143848e-33,-3.82377037375938,3.82377037375938,217,539,1446,58,0.95
"2021-01-14",12,2020,538,"abundance","ESSS","exclosures","SH",2.25801322143848e-33,-4.00585057796211,4.00585057796211,217,539,1446,58,0.95
"2021-01-14",1,2021,539,"abundance","ESSS","exclosures","SH",2.25801322143848e-33,-4.18000691801806,4.18000691801806,217,539,1446,58,0.95
"2021-01-14",2,2021,540,"abundance","ESSS","exclosures","SH",2.25801322143848e-33,-4.34719183110181,4.34719183110181,217,539,1446,58,0.95
"2021-01-14",3,2021,541,"abundance","ESSS","exclosures","SH",2.25801322143848e-33,-4.50818098551043,4.50818098551043,217,539,1446,58,0.95
"2021-01-14",4,2021,542,"abundance","ESSS","exclosures","SH",2.25801322143848e-33,-4.66361606265324,4.66361606265324,217,539,1446,58,0.95
"2021-01-14",5,2021,543,"abundance","ESSS","exclosures","SH",2.25801322143848e-33,-4.81403508104758,4.81403508104758,217,539,1446,58,0.95
"2021-01-14",6,2021,544,"abundance","ESSS","exclosures","SH",2.25801322143848e-33,-4.95989442864223,4.95989442864223,217,539,1446,58,0.95
"2021-01-14",7,2021,545,"abundance","ESSS","exclosures","SH",2.25801322143848e-33,-5.1015852168709,5.1015852168709,217,539,1446,58,0.95
"2021-01-14",8,2021,546,"abundance","ESSS","exclosures","SH",2.25801322143848e-33,-5.23944564879865,5.23944564879865,217,539,1446,58,0.95
"2021-01-14",9,2021,547,"abundance","ESSS","exclosures","SH",2.25801322143848e-33,-5.37377052807753,5.37377052807753,217,539,1446,58,0.95
"2021-01-14",10,2021,548,"abundance","ESSS","exclosures","SH",2.25801322143848e-33,-5.50481867731845,5.50481867731845,217,539,1446,58,0.95
"2021-01-14",11,2021,549,"abundance","ESSS","exclosures","SH",2.25801322143848e-33,-5.63281880161909,5.63281880161909,217,539,1446,58,0.95
"2021-01-14",12,2021,550,"abundance","ESSS","exclosures","SH",2.25801322143848e-33,-5.75797417791996,5.75797417791996,217,539,1446,58,0.95
"2021-01-14",1,2022,551,"abundance","ESSS","exclosures","SH",2.25801322143848e-33,-5.88046644538616,5.88046644538616,217,539,1446,58,0.95
"2021-01-14",2,2020,528,"abundance","ESSS","exclosures","total",7.61502816936673,2.06228246224673,13.1677738764867,217,539,1446,58,0.95
"2021-01-14",3,2020,529,"abundance","ESSS","exclosures","total",9.23029673051484,0.256925134232159,18.2036683267975,217,539,1446,58,0.95
"2021-01-14",4,2020,530,"abundance","ESSS","exclosures","total",10.8455652916629,-1.58544321292986,23.2765737962557,217,539,1446,58,0.95
"2021-01-14",5,2020,531,"abundance","ESSS","exclosures","total",12.460833852811,-3.63569439357666,28.5573620991988,217,539,1446,58,0.95
"2021-01-14",6,2020,532,"abundance","ESSS","exclosures","total",14.0761024139592,-5.95773588982796,34.1099407177463,217,539,1446,58,0.95
"2021-01-14",7,2020,533,"abundance","ESSS","exclosures","total",15.6913709751073,-8.58708735508514,39.9698293052997,217,539,1446,58,0.95
"2021-01-14",8,2020,534,"abundance","ESSS","exclosures","total",17.3066395362554,-11.549371360409,46.1626504329197,217,539,1446,58,0.95
"2021-01-14",9,2020,535,"abundance","ESSS","exclosures","total",18.9219080974035,-14.8665866160773,52.7104028108842,217,539,1446,58,0.95
"2021-01-14",10,2020,536,"abundance","ESSS","exclosures","total",20.5371766585516,-18.5597196767064,59.6340729938095,217,539,1446,58,0.95
"2021-01-14",11,2020,537,"abundance","ESSS","exclosures","total",22.1524452196997,-22.6500006109712,66.9548910503706,217,539,1446,58,0.95
"2021-01-14",12,2020,538,"abundance","ESSS","exclosures","total",23.7677137808478,-27.1595842842413,74.6950118459369,217,539,1446,58,0.95
"2021-01-14",1,2021,539,"abundance","ESSS","exclosures","total",25.3829823419959,-32.1119656477366,82.8779303317283,217,539,1446,58,0.95
"2021-01-14",2,2021,540,"abundance","ESSS","exclosures","total",26.998250903144,-37.5322647301037,91.5287665363917,217,539,1446,58,0.95
"2021-01-14",3,2021,541,"abundance","ESSS","exclosures","total",28.6135194642921,-43.4474462248068,100.674485153391,217,539,1446,58,0.95
"2021-01-14",4,2021,542,"abundance","ESSS","exclosures","total",30.2287880254402,-49.886506860619,110.344082911499,217,539,1446,58,0.95
"2021-01-14",5,2021,543,"abundance","ESSS","exclosures","total",31.8440565865883,-56.8806485302253,120.568761703402,217,539,1446,58,0.95
"2021-01-14",6,2021,544,"abundance","ESSS","exclosures","total",33.4593251477364,-64.4634474420758,131.382097737549,217,539,1446,58,0.95
"2021-01-14",7,2021,545,"abundance","ESSS","exclosures","total",35.0745937088845,-72.6710254791624,142.820212896931,217,539,1446,58,0.95
"2021-01-14",8,2021,546,"abundance","ESSS","exclosures","total",36.6898622700326,-81.5422277136643,154.921952253729,217,539,1446,58,0.95
"2021-01-14",9,2021,547,"abundance","ESSS","exclosures","total",38.3051308311807,-91.1188087732725,167.729070435634,217,539,1446,58,0.95
"2021-01-14",10,2021,548,"abundance","ESSS","exclosures","total",39.9203993923288,-101.445630043649,181.286428828307,217,539,1446,58,0.95
"2021-01-14",11,2021,549,"abundance","ESSS","exclosures","total",41.5356679534769,-112.570869289356,195.64220519631,217,539,1446,58,0.95
"2021-01-14",12,2021,550,"abundance","ESSS","exclosures","total",43.150936514625,-124.546244055569,210.848117084819,217,539,1446,58,0.95
"2021-01-14",1,2022,551,"abundance","ESSS","exclosures","total",44.7662050757731,-137.427250103417,226.959660254963,217,539,1446,58,0.95
